32772
32778
32797
16419
32815
16434
32823
16443
32827
32829
32828
32834
32841
16459
32844
32847
16465
16468
32856
16475
16476
16478
16490
32875
32877
32879
16496
16495
32886
16506
16508
16510
16511
16512
32899
16517
16519
32905
32909
16530
16532
32918
16536
32924
16543
16544
32928
16546
32930
16548
16545
16550
32932
32942
16559
32949
32950
16570
16571
16572
16573
16574
16575
32959
16578
16580
16581
16582
32967
16588
16589
16590
32974
16592
16593
32977
32973
32980
32986
32990
32994
32999
33003
16634
16635
33025
33027
16667
16671
16672
33060
33063
33064
33068
16687
16689
16690
16693
16694
33077
16697
16698
16699
33089
33091
16713
16714
16719
33104
33115
16740
16741
33125
33127
33128
16744
16753
16758
33151
33158
33166
16788
16790
16791
16792
16793
16794
16795
16796
33179
16801
16802
33188
33193
33201
16818
33206
16825
33210
33216
16837
33225
16842
16843
16844
16845
16846
16847
33228
33232
33229
16851
16852
16853
16854
16855
16376
33241
33249
16867
16879
16892
33276
33292
33293
33294
33295
33296
33297
33299
33302
33306
33314
33316
33324
33327
33329
33332
33334
33341
33342
33347
33348
33350
33352
33358
16975
16977
33385
33398
33400
17023
33410
17028
17030
17042
33434
33437
33440
17060
17061
17062
17063
17064
17065
17066
17067
33449
33453
33452
33450
33454
33451
33459
33464
33474
33476
33482
33487
33494
17112
17124
33510
33512
17128
33518
33520
17141
33526
17148
17149
17150
17151
17152
17153
33534
33542
33543
17162
17170
33555
17173
17174
17175
33560
33562
33563
33566
33567
33572
33574
33575
33576
33577
33579
33581
17197
33585
33586
33588
33589
33590
33591
33592
33593
33594
33596
33597
33598
17215
17216
33601
33599
33603
17220
17221
17222
33605
17224
33609
17226
33611
33612
17229
17230
17231
17232
17233
17234
17235
17236
17237
17238
17239
17240
17241
33622
17243
17244
17245
17246
17247
33632
33626
33634
17251
17252
33635
33630
17256
17257
17258
17259
33642
33643
33645
33647
33648
33649
33651
33653
17270
33654
33656
33657
33658
33659
17278
33664
17282
33666
33670
17286
33672
33673
33675
33677
33678
33679
33680
33681
33683
33684
17301
17303
17304
17305
17306
17307
17308
17309
17310
33695
33696
33688
33698
17315
33699
17317
17318
17319
33702
33705
33703
33707
33711
33714
33715
17333
17335
17336
17337
17338
17339
17341
17344
17345
17350
17351
17355
17376
17377
17378
17390
17398
17407
17411
17412
17414
17417
17422
17428
17434
17435
17436
17437
17493
17494
17524
17533
17535
17536
17538
17545
17548
17558
17559
17560
17561
17568
17583
17584
17585
17601
17605
17607
17624
17628
17631
17634
17638
17639
17647
17652
17653
17654
17666
17711
17718
17720
17724
17727
17728
17729
17730
17735
17736
17739
17746
17776
17782
17799
17829
17831
17832
17833
17881
17883
17886
17888
17889
17893
17903
17945
17946
17947
17948
17949
17950
17951
17955
17987
17991
17999
18028
18036
18042
18098
18102
18123
18160
18165
18179
18183
18195
83749
83751
18216
83753
83754
83755
83756
83752
83758
83759
83760
83757
83762
83763
18226
83765
18230
83766
83768
83769
83770
83767
83772
83773
83774
83775
83776
83777
83778
83779
83780
83781
83782
83783
83784
83785
83786
83787
83788
83789
83790
83791
83792
83793
83794
83795
83796
83797
83798
83799
83800
83801
83802
83804
83805
83806
83807
83808
83809
83810
83811
83812
18277
83814
83813
83815
83817
83818
18283
83819
83820
83821
83823
83824
83822
83826
83827
83828
83829
83830
83831
83832
83833
83834
83835
83836
83837
83838
83839
83840
83841
83842
83843
83844
18309
83846
83845
18312
18313
18314
83848
83850
83852
83853
83851
83849
83854
83855
83856
83857
83858
83862
83863
83864
83865
83859
83860
83861
83869
83866
83867
83868
83873
83874
83870
83871
83875
83878
83876
83877
83881
83882
83883
83884
83879
83886
83887
83888
83880
83885
83891
83892
83889
83894
83895
83896
83897
83890
83899
83893
83898
83902
83903
83904
83900
83906
83907
83908
83909
83910
83911
83912
83913
83914
83915
83916
83917
83918
83919
83920
83921
83922
83923
83924
83925
83926
83927
83928
83929
83930
83931
83933
83934
83935
83936
83937
83938
83939
83940
83941
18406
83942
83943
18409
18410
83947
18412
83949
83950
83951
18416
18417
83946
83955
83948
83953
83958
83959
83960
83961
83962
83954
83956
83957
83966
83967
83968
83969
83963
83971
83972
83973
83965
83970
83976
83977
83978
83979
83980
83981
83982
83983
83975
83985
83986
83987
83988
83984
83989
83990
83992
83991
83994
83993
83996
83997
83995
83999
84000
83998
84002
84003
84004
84001
84005
84007
84008
84009
84010
84011
84012
84013
84014
84015
84016
84017
84019
84020
84021
84022
84023
84024
84025
84026
84027
84028
84029
84030
84031
84032
84036
84037
84038
84039
84040
84043
84044
84046
84047
84048
84049
84050
84051
84052
84053
84054
84055
84056
84057
84058
84059
84060
84061
84062
84063
84064
84065
84066
84067
84068
84069
84071
84072
84073
84074
84075
84076
84077
84078
84079
84080
84081
84082
84083
84084
84085
84086
84087
84088
84089
84091
84092
84093
84094
84095
84096
84097
84098
84099
84100
84101
84102
84103
84104
84105
84106
84107
84108
84109
18574
84110
18576
84112
84114
84115
84111
84113
84118
84119
18583
84121
84122
84117
84124
84125
18590
84126
84128
84129
84123
84131
84130
84133
84134
84135
84132
84136
84138
84137
84140
84139
84142
84143
84144
84145
84146
18611
84148
84149
84150
84147
84151
84152
84154
84155
84156
84157
84158
84159
84160
84161
84162
84163
84164
84165
84166
84167
84168
84169
84171
84172
84173
84174
84175
84176
84177
84178
84179
84180
84181
84182
84183
84184
84185
84186
84187
84188
84189
84190
84191
84192
84193
84194
84195
84196
84197
84198
84200
84201
84202
84203
84204
84205
84206
84207
84208
84209
84211
84212
84213
84214
84215
84216
84217
84218
84219
18680
84220
84221
18687
84224
84222
84226
84227
84228
84229
84230
18695
84231
84234
84235
84236
84237
84238
84239
84240
84241
84242
84243
84244
84246
84247
84248
84249
84250
84251
84253
84255
84256
84260
84261
84262
84263
84264
84265
84267
84270
84271
84272
84273
84274
84275
84276
84277
84278
84279
84280
84281
84282
84283
84284
84285
84286
84287
84288
84289
84290
84291
84292
84293
84294
18755
18756
84297
84298
84295
84296
84299
84300
84303
84304
84305
84306
84307
18769
18773
84310
84308
84312
84313
84314
84315
84316
84317
84319
84320
84321
84322
84324
84325
84326
84327
84328
84329
84330
84331
84332
84333
18798
18799
84334
18884
18959
18988
35453
35462
35465
35471
35475
35501
35507
35508
35510
35520
35523
35531
35533
35535
35537
35538
35543
35545
35546
35547
35548
35549
35552
35554
35557
19175
19177
35565
35580
19197
19198
35583
35584
35587
35588
35590
19207
35592
19217
35601
19222
19223
35612
35616
35623
35624
19245
35630
19247
19250
35641
35646
35650
35651
35659
35660
35664
19281
35665
35669
19286
19287
19288
35671
35670
35673
35682
35692
35701
19330
19331
35727
35732
19350
19351
35735
35738
35739
35741
35742
19360
35745
35749
35750
35751
35757
35760
35761
35762
35764
35765
35766
35769
35771
35773
35778
35786
35787
35788
35790
35799
35805
35816
35823
35825
35828
19447
35831
35833
35836
35844
35846
35849
35854
35857
35868
35870
35871
35872
35873
35878
35884
19504
35894
35895
35897
35901
35903
35904
35906
35909
35914
35915
35916
35926
35928
35930
35931
19551
35938
19556
35953
35955
35956
35958
35961
35962
35963
35964
35966
35970
35971
35974
35981
35983
35985
19603
19604
19605
35988
35992
35993
35994
19611
35995
19614
19615
19616
36000
36004
36007
36009
36015
36020
36021
19641
36026
36025
19650
36035
36034
36040
36041
36043
36046
19663
36048
36050
19671
36062
36063
36067
36068
36078
36080
19699
19700
36088
36091
19712
19718
19720
36105
36106
36104
36108
36112
36116
36117
36119
36120
36123
36129
36130
36132
36136
36138
36139
36140
36147
36149
36151
36153
36158
36166
36170
36172
36174
36178
36180
36184
36186
36187
36188
36194
36195
36197
36198
36199
36207
36209
36211
36214
36216
36223
36227
36229
36233
36236
36240
36241
36242
36243
36244
36246
36248
36249
36252
36253
36260
36265
36266
19886
36272
36274
36278
36279
36280
36286
36298
36301
36302
36306
36307
36308
36310
36312
36315
36322
36325
36326
36330
36334
36339
36344
36347
36348
36349
36361
36372
36376
36378
36380
36382
36398
20022
36425
36429
36432
36433
36436
36440
36442
36446
36448
36450
36451
36453
36458
20077
36467
36468
36469
36478
36492
36495
20126
36510
20128
20129
20130
36514
20133
20138
20139
36527
20146
20147
20148
36531
36534
20151
36535
20153
36536
20156
36540
20158
20159
36543
20161
20162
36544
20164
20157
20166
20169
36554
20170
20172
20176
20178
36562
20180
36568
20185
20189
20193
20194
20196
36581
20200
36584
20203
20204
36589
20206
20207
20208
36593
20210
20211
20212
20214
20218
36603
36604
20227
20228
36618
20235
20237
20238
20239
20248
20249
20250
20251
20252
20253
20254
36638
36634
20257
36644
36645
20263
20265
20270
20272
20274
20278
20279
36665
20284
20289
20290
20291
20293
20294
20295
20296
20297
20298
20299
20300
20301
20302
20303
20304
20305
20306
20307
20308
20309
36693
20310
20311
20313
20314
20312
36691
20317
36694
20315
20320
20316
20318
20319
36702
20321
20322
20323
20324
20325
20326
20327
20328
36712
20333
20329
36719
20336
20338
20337
36722
20339
20342
20340
20341
36724
20343
20344
20345
20347
20349
20350
20351
20346
20354
20355
20348
20357
20352
20359
20360
36743
20362
20363
20364
20365
20366
36751
36750
20330
20370
20331
20367
20372
20373
20375
20376
20377
20378
20379
20332
20374
20380
20381
20384
20385
20386
20334
20388
20389
20387
20391
20392
20393
20335
20390
20396
20397
20398
20399
20400
20401
20402
20403
20404
20405
20406
20407
20408
20409
20410
20411
20412
20413
20414
20415
20416
20417
20418
20419
36798
20421
20422
20420
20424
20423
20426
20427
20428
20429
20430
36812
20432
20433
20434
20435
20436
36821
20438
20431
20437
20441
20439
20443
20444
20445
20440
20447
20442
20446
20450
20451
36836
20453
20454
20455
20456
36834
20449
20459
20460
20461
20457
20463
36847
20465
20466
36849
20467
20469
20470
20471
20472
20473
20474
36855
20475
20468
20478
36863
20480
20481
20353
20482
20476
20485
20486
20487
20488
20489
20490
20491
20492
20493
20494
20495
20496
20497
20356
20498
20499
20501
20502
20503
20504
20500
20505
20507
20508
20509
20510
20511
20512
20513
20514
20358
20515
20517
20518
20519
20520
20521
20361
20516
20522
36909
20523
20524
20525
20526
20527
20528
20532
20533
20534
20535
20536
20537
20538
20539
20540
20541
36924
20542
20544
20545
20546
20547
20543
20549
20550
36935
20552
20553
20554
36938
36937
20368
20556
20557
20560
20561
36944
20369
20564
20562
20558
20567
20568
20569
20570
36954
20371
20573
20574
20575
20571
20572
20578
20576
20580
20581
20579
20583
36968
20585
20586
20587
20588
20589
20590
20591
20584
20593
20592
20594
20596
20597
20598
20599
20600
20601
20602
36983
36988
20603
20604
20607
20605
20606
20608
20609
20611
20613
20610
20615
36999
20617
20618
20612
20620
20621
20622
20623
20616
37009
20626
20382
20628
20625
20630
20631
20632
20383
20627
20629
20633
20634
20635
20636
20638
20641
20642
20643
20640
20645
20646
20644
20648
20647
20650
20649
20651
20652
37038
20653
37044
37047
37050
20394
37072
20395
37082
37093
37115
37128
37130
36688
37132
37135
37144
37149
37150
37151
37152
37161
37166
36696
37171
37175
37179
37180
37183
37184
37205
36707
20425
37269
37273
37285
37311
37326
37334
37341
37343
20448
37354
20452
36735
20458
37397
37398
37405
20462
37423
20464
37427
37438
37444
37466
36758
20477
20479
20483
37522
20484
37530
37541
37543
37546
37548
37549
37556
37558
37559
37564
37565
37570
37573
37574
17242
37604
37607
37608
37609
37612
37613
37617
37618
36785
37627
37628
36788
20506
37640
37641
37653
36792
37656
37659
36794
37668
37676
37702
37703
37706
37710
37714
37717
37718
37722
37724
37730
37738
37743
37747
37751
37752
37753
20529
20530
37759
37760
37761
37762
37763
37764
37765
20531
37766
37768
37769
37770
37777
37784
37785
37786
37787
37794
37797
37803
37805
37811
37815
37816
37820
36825
37826
37830
37835
37844
37845
20548
37854
37855
37862
20551
37870
37879
37882
20555
37884
37887
37888
37892
37893
37894
20559
37919
20563
20565
20566
37967
37975
37983
33602
20577
36860
38003
38016
38017
20582
38018
38020
38021
38024
38031
38038
38040
38043
38044
38047
84223
38056
33616
38059
38066
33618
33619
38074
38078
38083
33621
38084
38085
38087
20595
38088
33623
38096
38100
38102
36881
33625
38121
36893
38179
20614
38191
20619
38215
20624
38239
38242
38244
38274
20637
20639
38312
38323
38342
38350
38359
38381
38392
38396
38409
38419
38435
38436
38437
38462
38469
38476
38481
38496
38508
38512
38513
38515
38517
38542
38550
38551
38575
38580
38592
38622
38640
38641
38666
38676
38682
38704
38708
38709
38719
38720
38733
38736
38741
38784
38802
38813
38816
38865
38883
38889
38905
38909
38911
38916
38928
38930
38931
30533
38945
38947
38957
38958
30543
38998
39015
39020
39024
39025
39052
39054
39065
39081
30563
39099
39111
39124
39126
39141
39145
39147
39170
39171
39202
39203
39208
39245
39261
39269
39270
39275
39276
39279
39293
39297
39299
39301
30612
39365
39366
39410
39414
39416
39419
39444
30635
39455
39468
39470
39473
39480
39484
39491
39493
39497
39498
39501
39506
39511
39524
39531
39532
39533
39535
39537
39539
39540
30654
39546
30661
39580
39589
39600
39603
39609
39615
30669
39619
39622
39632
39692
39696
39699
39701
39702
39704
39715
39728
39739
39743
39752
39753
39773
39774
39781
39795
39798
39800
39805
39808
39809
39815
39820
39821
39824
39827
39828
39833
39835
39836
39868
39872
39880
39883
39884
18311
18411
18413
27207
27219
27248
27249
27253
27275
27285
27286
27292
27304
27310
27315
31481
27326
31487
27355
27361
27366
27375
27390
27408
27421
31502
27428
27430
27446
27450
27452
27460
27462
27468
27476
27478
27494
27502
27503
27513
27522
27527
27530
27548
27559
27569
27577
27581
27582
27586
27591
27609
27610
27618
27626
27629
27645
27647
27648
27650
27655
27656
27664
27669
27670
27674
27677
27678
27684
27692
27700
27703
27704
27707
27709
27710
27718
27726
27733
27735
27737
27738
27740
27741
27746
27755
27761
27762
27770
27805
27806
27810
27829
27830
27843
27857
27869
27878
27894
27913
27921
27925
27932
27933
27950
27980
27985
28005
28017
28042
28052
28059
28082
28103
28128
28149
28158
28175
28194
28197
83761
28208
83764
28224
28231
28234
28249
83771
28262
28265
28294
28299
28313
28332
28347
28374
28375
28391
28396
28402
28407
28414
28426
28441
28448
28455
28456
28465
28473
28478
28482
83816
28490
28502
28518
28520
83825
28534
28536
28540
28542
28547
28550
28552
28553
28579
28588
28591
28595
28610
28640
83847
28651
28673
28714
28719
28745
28754
28756
28764
28772
28780
28790
28801
28811
28813
28830
28849
28851
28861
28869
28873
28899
28900
83901
28920
28921
83905
28974
28977
28985
29014
29034
29061
29075
29078
29089
29113
29118
83944
83945
29134
29161
83952
29173
29175
29182
29186
29188
29194
29220
83964
29229
29238
29244
29273
29275
83974
29296
29305
29307
29333
29339
31883
29352
29361
29368
29375
29387
29390
29392
29402
29408
84006
29448
29457
29484
29494
29517
29525
29528
29587
29606
29614
29617
29637
29646
29652
29656
29689
29706
29709
29715
29717
29749
29771
29820
29832
29854
29863
29865
29887
29894
29908
29924
29945
29946
29955
29978
29993
29999
84120
30034
30035
30038
30039
30056
30073
30075
30093
30094
30168
84153
30184
30222
30256
30264
30274
30276
30310
30317
30318
30324
30342
30345
30371
30373
30374
30382
30388
14014
14016
14017
14018
14019
14020
14021
14023
14024
14025
14026
14028
14029
14030
14031
14032
14033
14034
14036
14038
14042
30430
14050
14052
14053
14054
14058
14059
14060
14061
14062
14063
30447
30449
30459
30471
30483
30486
14106
30491
14108
30494
14111
14112
14113
14115
14127
14128
14129
30511
14131
14132
14133
14134
14135
14136
14137
14138
14139
14140
14141
14142
14143
14144
14145
14146
14147
14148
14149
14150
14151
14152
14153
14154
14155
14156
14157
14158
14159
14160
14161
14162
14163
14164
14165
14166
14167
14168
14170
14171
14172
14173
14174
14175
14176
14177
14178
14179
14180
14181
14182
14183
14184
14185
14186
14187
14188
14189
14190
14191
14192
14193
14194
14195
14196
14197
14198
14199
14200
14201
14202
14203
14204
14205
14206
14207
14208
14209
14210
14211
14212
14213
14215
14216
14217
14218
14219
14220
14221
14222
14223
14224
30602
14226
14227
14228
14229
14230
14231
14232
14233
14234
14235
14236
14237
14238
14239
14240
14241
14242
14244
14245
14246
14247
14248
14249
14250
14251
14252
14253
14254
14255
14256
14257
14258
14259
14260
14261
14262
14263
14264
14265
14266
14267
14268
14269
14270
14271
14272
14273
14274
14275
14276
14277
14278
14279
14280
14281
14282
14283
14284
14285
14286
14287
14288
30664
14290
14291
14292
14293
14294
14295
14296
14297
14298
14299
14300
14301
14302
14303
14304
14305
14306
14307
14308
14309
14310
14311
14312
14313
14314
14315
14316
14317
14318
14319
14320
14321
14322
14323
14324
14325
14326
14327
14328
14329
14330
14331
14332
14333
14334
14335
14336
30714
14338
30715
14340
14341
14342
14343
14344
30725
14346
14347
30734
14351
14352
30739
30741
14359
30749
14366
14368
14369
14370
14371
30756
14373
14374
14375
14377
14378
14379
14380
14381
14382
14383
14384
14385
14387
14388
14389
14390
30773
14399
14400
14401
14402
14403
14405
14406
14407
14408
14409
14410
14411
14413
14415
30800
30802
14419
14420
14421
14424
14425
14426
14427
14428
30813
14429
30816
14434
14435
30820
14439
30826
14443
30827
14445
14446
14447
30829
14449
14450
14451
14452
14454
14455
14456
30840
14458
14459
14461
14463
14465
14466
14467
14471
14475
14476
14477
14478
14479
14481
14483
14484
14485
14488
14489
14490
30877
14493
30879
14495
14499
14502
14503
14504
14505
14506
14507
14508
14509
14510
14511
30892
14514
14515
14516
14520
30905
14522
14527
14528
14530
14537
14538
14539
14540
14541
14542
14543
14544
14545
14546
14547
84301
14551
30937
14554
14557
14558
14559
14560
14561
14562
14574
30961
14578
14579
14581
14582
14583
14584
14585
30967
14588
14589
14590
14591
14594
14595
14596
14597
14598
14599
14600
14601
14602
14603
14604
14605
14606
14607
14608
14609
14610
30990
14612
14619
14621
14622
14623
14624
31008
14628
14629
14632
14633
14634
14635
14636
32217
14638
14640
14641
14643
14644
14645
14646
31033
14650
14652
14653
14655
14656
31039
14658
14662
14663
14664
31047
14667
14668
14669
14670
14677
14678
14680
14681
14682
14685
14686
31072
14689
14691
14695
14696
14698
14699
14701
14702
14703
14704
14706
14707
14709
14710
14711
14712
14713
14714
14715
14719
14720
14721
14722
31107
14725
14726
14727
14729
14730
14731
31116
14733
14734
14735
14736
14737
14738
31122
14740
31123
14745
14751
31137
14754
14758
31144
14761
14762
14763
14764
14765
14768
14769
14770
14771
14772
14773
14774
14775
14779
14780
14782
14783
14784
14785
14786
14787
31168
14789
14790
14791
14792
14793
14794
31176
14796
14797
14798
14799
14800
14801
14802
31181
14806
14807
14808
14809
14810
14811
14813
14814
14815
14816
14818
14819
14822
31208
14827
14828
14829
14830
14831
14833
31218
14835
14836
14838
14839
14840
14841
14842
14843
14844
14845
14846
14848
14849
14851
14852
14853
14854
14856
14861
31245
14868
14869
31257
14874
14875
14876
14878
31262
14880
14881
14882
14883
14884
14885
31271
14893
14895
14897
14898
14899
14900
14901
14902
31283
14904
14905
14906
14908
14909
14910
14911
14913
14914
31298
14918
14919
14921
14924
14926
31313
14932
14934
14935
14936
14937
14938
14939
14940
14941
14942
14943
14944
14945
14946
14947
14948
14949
14950
14951
14952
14953
14954
14955
14956
14957
14958
14959
14960
14961
14962
14963
14964
14965
14966
14967
14968
14969
31348
14971
14972
14973
14974
14975
14976
14977
14978
14979
14980
14981
14982
14983
14984
14986
14987
14988
14989
14990
14991
14992
14993
14994
14995
14996
14997
14998
14999
31384
15000
15001
15002
15003
31380
15006
15008
15009
15010
15011
15012
15013
15014
15015
31393
31396
15018
31395
15020
15022
31408
15025
15026
15027
15028
15029
15030
15033
15034
15035
15036
15038
15040
15042
15043
15045
15046
15049
15050
15051
15052
15053
15054
15055
15056
15057
15059
15061
15064
15067
15072
15073
15074
15075
15076
15077
15078
15079
15081
15082
15083
15084
15085
15086
15087
15088
15089
15090
15091
15092
15093
15094
15095
31477
15097
15098
15099
15100
15101
15102
15103
15104
15105
15106
15107
15108
15109
15110
15111
15112
15113
15114
31493
15116
31501
15117
15118
15119
15120
15121
15122
15124
15125
15126
15127
31511
15130
15131
15132
15133
15134
15135
31519
15137
31522
15138
31523
31524
15141
15142
15143
15144
15145
31531
15146
15147
15148
15149
15150
15151
15152
15153
15154
15155
15156
31541
15159
15160
15164
15165
15166
15167
15171
15173
15174
15175
15176
15177
15179
15180
15181
15185
15186
15187
15188
15189
15191
15193
15194
15196
15197
15198
15200
15201
15205
15206
15207
15209
15210
15211
15212
15213
31596
15218
15219
15221
15222
15223
15225
15226
15230
15231
15232
15233
31618
15235
15239
15240
15241
15242
15243
15244
15245
31624
15247
31630
15250
15251
31637
15254
15260
15263
31650
15269
15271
15272
15273
15274
15277
15282
15283
15284
15285
15288
15289
15290
15291
15292
15293
15294
15295
15296
15297
15298
15299
15300
15302
15303
15304
15305
15306
15307
15308
15309
15310
15311
15312
15314
15315
15316
15317
15318
15319
15320
15321
15322
15324
15325
15326
15327
31711
15329
31714
15331
15332
15333
15338
31723
31732
15349
15353
15354
15360
31745
15363
15364
15366
15367
15369
15371
15372
15373
31756
31757
31768
15391
15392
15399
15406
31790
15409
15412
15413
15414
15416
15417
15418
15419
15420
15421
15422
15424
15425
15426
15428
15429
15430
15431
15432
15433
31818
15434
15435
15436
15437
15438
15440
15441
15442
15443
15444
15446
15448
15449
15450
15451
15452
15453
15455
15456
15457
15458
15459
15460
15461
15462
15466
15467
31850
15469
15471
15472
15473
15474
15475
15476
15477
15478
15479
15480
15481
15482
15483
15484
15485
15486
31864
15488
15490
15491
15492
15493
15494
15495
15496
15497
15498
15499
15500
15501
15502
15503
15504
15505
15506
15507
15508
15510
15511
15513
15517
15518
15519
15520
15521
15522
31911
31912
31918
15536
15538
15539
15542
15543
15546
15549
15551
15555
15556
15557
15558
15559
15561
15563
15566
15570
15572
15573
15574
15578
15579
15580
15582
15583
15584
15586
31971
15590
15591
15594
15595
15596
15597
15598
15599
15600
15601
15602
15603
15604
15606
15609
15610
15611
15612
15613
15614
15619
15620
15621
15622
15623
32012
15629
15632
15638
15640
15642
15646
32033
15653
15654
15655
15660
15662
15664
15666
15667
15668
15671
15674
15677
15679
15683
15687
32076
15696
15697
15698
32090
15709
15712
32099
32100
15725
15726
15730
15739
32123
15746
15747
15748
32132
15750
15753
15755
15761
15762
15763
15765
32149
15767
15769
15770
15771
15772
15773
15774
15775
15776
15777
15778
15779
15780
15781
15782
15783
15784
15785
15789
15791
15794
32178
15796
15797
15798
15799
15801
15804
15805
15808
15809
15810
15811
15812
32194
15815
15816
15817
15818
15819
15820
15821
15822
32202
15826
15829
32214
32213
15832
15833
15834
15835
32220
15836
15837
15838
15839
15840
15841
32222
32228
32227
15846
15847
15848
15849
15850
15853
15855
15856
32241
15858
15859
15860
32243
15862
15864
32249
15867
15868
15870
15872
15873
15874
15875
15876
15877
15878
15879
32256
15881
15882
15884
15885
15886
15887
32272
15889
15890
15891
15892
15893
32277
15895
15898
32283
32284
15901
15902
15903
32290
15907
15908
32293
32296
15912
15914
32299
32306
32307
32313
32319
32325
32326
32337
15956
15958
15970
15971
32354
15975
15979
32363
15982
15984
15985
15986
15987
15989
15999
32384
16004
32392
32393
32394
16011
16012
32395
16014
16023
32408
16028
16031
16036
16041
16054
16055
16056
16057
16059
16060
16062
16063
32448
16065
16066
16068
16069
16070
16071
32455
32456
16074
16076
32468
16085
16086
32469
16087
32473
32483
32484
32494
32495
32503
32504
32505
32518
32520
32524
32531
32537
32562
16179
16180
32563
16182
16183
16191
16192
16193
16195
32584
32589
32593
16210
32596
16214
16215
32598
32601
16217
16219
16220
16221
16222
16223
32609
16226
16227
16229
16230
16232
32617
32619
32621
32622
32623
32626
32629
32631
32635
32636
16264
32649
32651
16268
16271
16272
16276
32664
16281
16282
16285
32680
16302
16303
16305
32689
16306
32692
16309
16311
16312
16313
16314
16315
16316
16317
32702
16321
16322
16323
32708
32710
16328
32712
32714
16331
32719
16337
16340
16341
16344
32729
16347
32733
16350
32734
16352
16353
16354
32737
32740
16357
16360
32746
16362
32759
32760
16377
32762
32764
