32778
32797
32815
16434
32841
32847
16468
32856
16476
16490
32875
32886
32899
32905
32909
16532
16536
32928
32930
32942
16570
16572
16575
16580
16581
32967
32973
32974
16593
32977
32980
32990
32994
32999
33025
33027
33063
33064
16687
16689
16690
16693
16694
33077
16697
16698
16699
33089
33091
33104
33115
33127
33128
33166
16788
16793
16802
33206
33210
33216
33225
16842
33228
16846
16847
33232
16851
16852
16854
16855
33241
33276
33294
33296
33299
33302
33306
33314
33324
33341
33342
33352
33398
33410
33440
17062
17064
33449
17066
33452
33453
33454
33474
33476
33510
33512
33518
33526
17148
33534
17175
33560
33562
33567
33572
33574
33575
33576
33577
33581
33585
33586
33589
33590
33592
33593
33594
33596
33598
33601
33603
33605
33609
33611
33612
17229
17230
17231
17232
17233
17234
33619
33618
17237
17238
33622
33623
17241
33621
17243
33625
33626
17246
33632
33635
17252
17256
17258
33643
33647
33648
33649
33651
33653
17270
33654
33656
33657
33658
33659
17278
33664
33666
33670
33672
33673
33675
33677
33678
33679
33680
33683
33684
17304
33688
17306
17307
17308
17309
33695
33696
33698
17315
33699
33702
33703
33705
33711
33714
17337
17344
17378
17536
17559
17560
17647
17888
17987
18123
83749
83751
83752
83753
83754
83756
83757
83758
83759
83760
83761
83762
83763
83764
83765
83766
83767
83768
83769
83770
83771
83772
83773
83774
83775
83776
83777
83778
83779
83780
83781
83782
83783
83784
83785
83786
83787
83788
83789
83790
83791
83792
83793
83794
83795
83796
83797
83799
83800
83801
83802
83804
83805
83806
83807
83812
83813
83814
83815
83816
83817
83818
83819
83820
83821
83822
83823
83824
83826
83827
83828
83829
83830
83831
83832
83834
83835
83836
83837
83839
83840
83841
83842
83848
83849
18314
83851
83852
83853
83854
83855
83856
83857
83858
83859
83860
83861
83862
83867
83868
83869
83870
83873
83874
83875
83876
83877
83878
83879
83880
83881
83882
83883
83885
83886
83887
83888
83889
83890
83891
83892
83893
83894
83895
83896
83897
83901
83902
83904
83905
83906
83907
83908
83909
83910
83911
83912
83913
83914
83915
83916
83917
83918
83919
83920
83921
83922
83923
83924
83925
83926
83928
83930
83931
83933
83935
83936
83937
83938
83939
83942
83943
83945
83946
83947
83949
83952
83953
83954
83955
83956
83957
83958
83960
83961
83962
83965
83966
83967
83968
83969
83971
83975
83976
83977
83984
83986
83987
83988
83989
83990
83991
83992
83993
83995
83996
83998
83999
84000
84001
84002
84004
84005
84006
84007
84008
84009
84011
84012
84013
84014
84016
84017
84019
84020
84021
84023
84024
84025
84026
84027
84028
84029
84030
84031
84036
84037
84039
84040
84043
84044
84047
84048
84049
84050
84053
84054
84056
84057
84058
84059
84061
84062
84063
84064
84066
84067
84069
84071
84072
84073
84074
84075
84076
84078
84079
84084
84086
84087
84091
84092
84093
84094
84095
84096
84097
84098
84099
84100
84102
84106
84113
84119
84120
84121
84122
84126
84131
84134
84135
84137
84143
84144
84145
84146
84147
84148
84149
84150
84151
84152
84153
84154
84155
84156
84157
84158
84159
84160
84161
84163
84165
84166
84167
84172
84173
84177
84190
84192
84194
84195
84197
84201
84202
84203
84204
84206
84207
84208
84209
84211
84212
84213
84214
84215
84216
84217
84218
84219
84220
84221
84223
84224
84227
84228
84229
84235
84236
84237
84238
84239
84240
84241
84242
84246
84260
84261
84270
84271
84280
84281
84282
84296
84298
84299
84300
84304
84305
84310
84316
84317
84328
84330
84332
27219
27249
35453
35465
35471
27285
27286
27292
35507
35510
27326
35531
35533
35535
35538
35543
35547
35549
35552
27361
27366
35565
35580
35583
35584
19207
19222
19223
35612
35641
27452
35646
35650
35651
27460
35660
27468
35664
35665
27476
35669
27478
35670
35673
35682
35692
27503
35701
27513
27522
35735
35738
35739
35742
35750
35751
27559
35757
35760
35761
35764
35765
35766
35769
27577
35771
35773
27581
35778
27591
35787
35788
35790
27609
35805
35816
27626
27629
35823
35825
35828
35831
35833
27645
27647
27648
35846
27655
27656
35849
35854
27664
35857
27669
35868
35870
35871
35872
35873
27684
35884
27692
35894
35895
27703
35897
35901
35906
35909
27718
35914
35915
35916
35926
35931
27740
27741
19551
35938
27746
19556
35953
35955
35956
35958
35961
35962
35963
27770
35966
35970
35971
35981
35983
35988
35992
35993
36007
36009
36015
27829
27830
36025
36026
36034
27843
36035
36040
36041
36043
36048
36062
27878
36078
36080
19699
36088
36091
36104
36105
27913
36108
27921
36116
36117
27925
36123
27933
36129
36136
36139
36140
36149
36151
36170
36172
27980
36174
27985
36184
36187
36194
36195
36197
36199
36207
36209
28017
36211
36214
36216
36223
36229
36233
28042
36236
36241
36242
36243
28052
36248
36249
36252
36253
36260
36265
36266
36272
28082
36274
36278
36279
36280
36286
28103
36301
36302
36312
36315
36322
36330
36334
36339
28149
36344
36347
36349
28158
36361
36372
36376
36378
36382
28194
36398
28208
28224
28231
36425
36432
36433
36436
28249
36446
36448
36450
36451
36453
36458
36467
36469
36478
36492
36495
28313
20129
36527
36531
20148
36534
36540
20157
36544
36554
36562
28374
28375
20193
36581
28391
36584
28396
36589
36593
28402
28407
20218
36603
36604
28414
20227
20304
28441
36634
20254
28448
36644
36645
28456
36665
28473
28478
20290
20294
20295
20296
20297
20298
20299
20300
20301
20302
20303
36688
20305
20306
20307
20308
20309
36693
36694
20311
20313
20312
20314
20310
20315
20317
20318
20316
20320
36702
20319
20321
20322
36707
20323
20324
20326
20325
28520
20327
20328
36719
36724
28534
28540
28542
36735
28547
36743
28552
28553
36751
28588
28591
36785
36788
36792
36794
28610
36821
36825
28640
36836
28651
36849
36855
36860
36893
28714
28719
36924
36935
36937
36938
28745
36944
28754
36954
28764
36968
28780
28790
36988
28801
36999
28811
28830
37038
28849
28851
37044
37047
28861
37072
37082
28899
28900
28921
37115
37128
37144
37149
37150
37151
37152
28974
37171
37175
37180
37183
37184
37205
29014
29061
29075
29078
29089
37285
29113
29118
37326
37334
29175
29182
29186
29188
29194
37398
37405
29220
29229
37423
29244
37438
29273
37466
29275
29296
29305
29307
37522
29333
37530
37541
29352
37548
37549
37556
37558
37564
37565
37573
37574
29387
37604
37607
37608
37609
37612
37613
37617
37627
29448
37641
37659
37668
29484
29494
37702
37703
37706
37710
37714
37717
37718
29525
29528
37722
37724
37730
37743
37747
37751
37753
37759
37760
37761
37764
37765
37768
37769
37770
29587
37784
37785
37786
37787
37794
37797
29606
37805
29614
29617
37811
37815
29637
37830
29646
29652
37845
37854
29689
37888
37892
37893
37894
29709
29715
29717
37919
37967
37975
38003
29820
38016
38020
38021
38024
29832
38031
38038
38040
38044
29854
29865
38059
38066
38074
38084
38085
29894
38096
38100
29908
38102
38121
29946
38179
29993
38191
29999
38215
30035
30038
30039
38242
30056
30073
30075
38274
30093
38312
38323
38342
30184
38392
38396
30222
38419
38437
30256
38462
30274
30276
38476
38496
38508
30318
38513
38515
30324
30374
30382
38575
14019
14020
14023
14024
14028
14030
14034
14042
14058
14059
14060
14061
14062
30447
38640
38641
30449
30459
30471
38666
38676
14106
38682
30491
30494
14128
38708
14133
14137
14139
14140
14141
14142
14143
38719
38720
14148
14149
14150
14151
14152
30533
14156
38733
14158
14159
14160
14161
14162
14163
30543
38741
14168
14175
14176
14177
14178
14179
14182
14183
14188
14189
14191
14193
14196
14197
14198
14200
14202
14203
14204
14207
14208
38784
14211
14212
14215
14216
14217
30602
14219
14220
14221
14223
14227
30612
14233
14235
14236
14237
14238
14240
14241
14242
14249
14251
30635
14255
14256
14257
14258
14263
14266
14268
14269
30654
14270
14271
14272
14274
14276
14278
30664
14281
14282
30669
14287
14290
14292
14301
14305
14308
14310
38889
14314
14317
14320
14321
14323
14327
14328
30714
14330
14331
30715
14336
14340
38928
30749
14369
38945
38947
14373
14380
38957
38958
14387
14403
14405
14406
30800
30802
14421
14424
30813
30820
30827
39020
39024
39025
14452
14476
14477
14481
14483
39065
30877
30879
39081
30892
14509
39099
14527
39111
14537
14539
14541
14543
14544
14546
14547
39124
39126
14560
14561
39145
14582
14589
14595
14596
14598
14605
14606
30990
14610
31008
39202
39203
39208
14636
14638
14643
14644
14645
31033
31039
31047
39245
14670
14681
14685
39261
31072
14691
39269
14696
39275
39276
14701
14709
39297
31107
39299
39301
14731
31116
14733
31122
14751
14762
14763
14783
14784
31168
14786
39365
14792
31181
14800
14806
14807
14808
14809
14814
14827
14830
14831
14833
31218
14835
14836
39414
14840
14841
39416
39419
14845
14846
14848
14851
14852
31245
39444
14869
39455
14881
14882
14884
31271
39470
14897
14898
14899
14900
14901
14902
31283
14904
39480
39473
39484
14913
39491
39493
39497
39498
14924
39501
31313
39506
14934
14935
39511
14938
14940
14942
14943
14944
14945
14946
39524
14950
14952
14953
39531
14956
14957
14958
14959
39532
39533
14962
39535
39537
14965
14966
39539
14968
39540
39546
31348
14975
14977
14981
14984
14990
14992
14993
14994
14995
14998
14999
15001
15002
15003
15006
31393
31395
39589
15015
15022
31408
39600
15026
39603
39609
39615
39622
15064
15074
15077
15078
15079
15081
15082
15086
15087
15088
15089
15093
15094
15095
31477
15098
15100
15101
15104
15105
15108
31493
15110
15111
15112
15114
31502
15119
39696
15122
15124
39701
31511
15127
39704
15131
15132
15133
31519
15138
31524
15147
31531
15150
15151
39728
15153
15159
15165
15167
15171
15173
15174
15175
15181
15185
15186
15187
15193
39773
39774
15205
15210
15211
31596
15213
15221
39798
39800
39805
39808
39809
31618
39815
31624
39820
15245
31630
39821
39824
39827
39828
15254
39833
15260
31650
15274
15291
39868
15295
39872
15297
15304
39880
15320
15322
15326
31711
31714
15333
31723
31732
31745
31757
15406
31790
15412
15417
15419
15426
15430
15431
15433
15435
15436
15444
15451
15458
15460
31850
15467
15479
15480
31864
15484
15490
15492
15493
15498
15500
15503
15505
15507
31911
31912
31918
15536
15542
15546
15556
15557
15559
15580
15584
31971
15590
15609
15621
15629
15632
32033
32076
32132
15762
32149
15767
15769
15772
15774
15776
15783
15789
32178
32194
15812
32214
32217
15836
32222
15849
15855
32241
32243
15868
15874
15877
32272
32296
32306
32307
32313
32319
32325
32326
32337
15956
32354
15984
32384
16004
32393
32394
32395
16054
16056
16057
16062
16063
16065
16066
16068
16071
32456
16074
32468
16085
32495
32503
32505
32518
32531
32537
32562
32563
16195
32584
32589
16210
16214
16215
16220
16221
32609
32617
32619
32621
32622
32623
32629
32636
32651
32664
16303
16306
16312
16313
16314
16315
32702
32708
32712
32714
32719
32729
16347
16350
16352
32737
32740
16357
32746
32759
16376
32764
